CASE 16384 4 2 8 echo 1.9101691954823096e-09
CASE 16384 4 2 8 weak_echo 1.9149496678722085e-08
CASE 16384 4 2 16 echo 2.55622354663415e-09
CASE 16384 4 2 16 weak_echo 2.5626193837082665e-08
CASE 16384 4 2 64 echo 5.079693106123415e-09
CASE 16384 4 2 64 weak_echo 5.08965695835999e-08
CASE 32768 8 4 8 echo 2.0848883269455785e-09
CASE 32768 8 4 8 weak_echo 1.0532091189935145e-08
CASE 32768 8 4 16 echo 3.08714180808253e-09
CASE 32768 8 4 16 weak_echo 1.5593804280054627e-08
CASE 32768 8 4 64 echo 6.322407510276099e-09
CASE 32768 8 4 64 weak_echo 3.1933296772571115e-08
CASE 65536 16 8 8 echo 2.1754943671817408e-09
CASE 65536 16 8 8 weak_echo 5.525527502636312e-09
CASE 65536 16 8 16 echo 2.826344128901728e-09
CASE 65536 16 8 16 weak_echo 7.183554053797301e-09
CASE 65536 16 8 64 echo 5.686591561267813e-09
CASE 65536 16 8 64 weak_echo 1.449323877079935e-08
SPECTRUM echo [4.143848925116923e-10, 4.0931262211791096e-10, 1.1198984802627677e-10, 7.980136878098937e-11, 5.2507626503273275e-11, 5.059363917978118e-11, 4.049673848462634e-11, 2.932487106110844e-11]
SPECTRUM weak_echo [4.152189636353466e-09, 4.105429466930565e-09, 1.1226937766823798e-09, 8.000155062237364e-10, 5.265744300742415e-10, 5.069735457026549e-10, 4.0605898764700006e-10, 2.93968636958903e-10]
INDEPENDENT CHECKPOINT COMPLETE
